#  creation program: tau_convert -dump
#     creation date: Feb-28-2017
#    number records: 48
# number processors: 1
# max processor num: 0
#   first timestamp: 1479494059534716
#    last timestamp: 1479494059795750

#=NO= =======================EVENT== ==TIME [us]= =NODE= =THRD= ==PARAMETER=
    1                      "EV_INIT" 1479494059534716      0      0            3
    2            ".TAU application " 1479494059534716      0      0            1
    3                  "PAPI_L1_DCM" 1479494059534716      0      0           70
    4                  "PAPI_LD_INS" 1479494059534716      0      0          711
    5                   "WALL_CLOCK" 1479494059543180      0      0   1479494059
    6 "main [{/home1/02309/staheri/h 1479494059546456      0      0            1
    7                  "PAPI_L1_DCM" 1479494059546456      0      0        95003
    8                  "PAPI_LD_INS" 1479494059546456      0      0      5117615
    9                 "MPI_Init()  " 1479494059546500      0      0            1
   10                  "PAPI_L1_DCM" 1479494059546500      0      0        95497
   11                  "PAPI_LD_INS" 1479494059546500      0      0      5120562
   12                 "MPI_Init()  " 1479494059780386      0      0           -1
   13                  "PAPI_L1_DCM" 1479494059780386      0      0       546336
   14                  "PAPI_LD_INS" 1479494059780386      0      0     21620787
   15     "TauTraceClockOffsetStart" 1479494059787692      0      0            0
   16            "MPI_Comm_size()  " 1479494059787738      0      0            1
   17                  "PAPI_L1_DCM" 1479494059787738      0      0       553040
   18                  "PAPI_LD_INS" 1479494059787738      0      0     31250250
   19            "MPI_Comm_size()  " 1479494059787745      0      0           -1
   20                  "PAPI_L1_DCM" 1479494059787745      0      0       553090
   21                  "PAPI_LD_INS" 1479494059787745      0      0     31250780
   22            "MPI_Comm_rank()  " 1479494059787751      0      0            1
   23                  "PAPI_L1_DCM" 1479494059787751      0      0       553167
   24                  "PAPI_LD_INS" 1479494059787751      0      0     31252269
   25            "MPI_Comm_rank()  " 1479494059787755      0      0           -1
   26                  "PAPI_L1_DCM" 1479494059787755      0      0       553184
   27                  "PAPI_LD_INS" 1479494059787755      0      0     31252802
   28   "MPI_Get_processor_name()  " 1479494059787782      0      0            1
   29                  "PAPI_L1_DCM" 1479494059787782      0      0       553353
   30                  "PAPI_LD_INS" 1479494059787782      0      0     31254767
   31   "MPI_Get_processor_name()  " 1479494059787789      0      0           -1
   32                  "PAPI_L1_DCM" 1479494059787789      0      0       553419
   33                  "PAPI_LD_INS" 1479494059787789      0      0     31255428
   34             "MPI_Finalize()  " 1479494059787805      0      0            1
   35                  "PAPI_L1_DCM" 1479494059787805      0      0       553882
   36                  "PAPI_LD_INS" 1479494059787805      0      0     31258207
   37       "TauTraceClockOffsetEnd" 1479494059794825      0      0            0
   38             "MPI_Finalize()  " 1479494059795728      0      0           -1
   39                  "PAPI_L1_DCM" 1479494059795728      0      0       564870
   40                  "PAPI_LD_INS" 1479494059795728      0      0     41172391
   41 "main [{/home1/02309/staheri/h 1479494059795737      0      0           -1
   42                  "PAPI_L1_DCM" 1479494059795737      0      0       564943
   43                  "PAPI_LD_INS" 1479494059795737      0      0     41173022
   44            ".TAU application " 1479494059795741      0      0           -1
   45                  "PAPI_L1_DCM" 1479494059795741      0      0       564984
   46                  "PAPI_LD_INS" 1479494059795741      0      0     41173557
   47                  "FLUSH_CLOSE" 1479494059795746      0      0            0
   48                   "WALL_CLOCK" 1479494059795750      0      0   1479494059
